96 4
1 1.25 0.0 0.0
1 1.126211084878024 0.5423546738969477 0.4487989505128276
1 0.7793622523234169 0.9772893530850373 0.8975979010256552
1 0.27815116744539303 1.2186598902272796 1.3463968515384828
1 -0.2781511674453929 1.2186598902272796 1.7951958020513104
1 -0.7793622523234168 0.9772893530850374 2.243994752564138
1 -1.1262110848780238 0.5423546738969478 2.6927937030769655
1 -1.25 1.5308084989341916e-16 3.141592653589793
1 -1.126211084878024 -0.5423546738969475 3.5903916041026207
1 -0.7793622523234172 -0.9772893530850371 4.039190554615448
1 -0.27815116744539325 -1.2186598902272796 4.487989505128276
1 0.2781511674453928 -1.2186598902272796 4.9367884556411035
1 0.7793622523234167 -0.9772893530850374 5.385587406153931
1 1.1262110848780238 -0.5423546738969479 5.834386356666759
2 1.75 0.0 0.0
2 1.6643489035165187 0.5407797401561579 0.3141592653589793
2 1.415779740156158 1.028624191511828 0.6283185307179586
2 1.028624191511828 1.415779740156158 0.9424777960769379
2 0.540779740156158 1.6643489035165187 1.2566370614359172
2 1.071565949253934e-16 1.75 1.5707963267948966
2 -0.5407797401561578 1.6643489035165189 1.8849555921538759
2 -1.0286241915118277 1.415779740156158 2.199114857512855
2 -1.4157797401561578 1.0286241915118282 2.5132741228718345
2 -1.6643489035165187 0.5407797401561582 2.827433388230814
2 -1.75 2.143131898507868e-16 3.141592653589793
2 -1.6643489035165189 -0.5407797401561577 3.4557519189487724
2 -1.4157797401561583 -1.0286241915118277 3.7699111843077517
2 -1.0286241915118282 -1.4157797401561578 4.084070449666731
2 -0.5407797401561583 -1.6643489035165187 4.39822971502571
2 -3.214697847761802e-16 -1.75 4.71238898038469
2 0.5407797401561576 -1.6643489035165189 5.026548245743669
2 1.0286241915118275 -1.4157797401561583 5.340707511102648
2 1.4157797401561578 -1.0286241915118284 5.654866776461628
2 1.6643489035165187 -0.5407797401561584 5.969026041820607
3 2.25 0.0 0.0
3 2.193587802409103 0.5006721014017074 0.2243994752564138
3 2.0271799527804433 0.9762384130145058 0.4487989505128276
3 1.759120835553067 1.4028520541821503 0.6731984257692414
3 1.4028520541821505 1.759120835553067 0.8975979010256552
3 0.9762384130145059 2.0271799527804433 1.121997376282069
3 0.5006721014017075 2.193587802409103 1.3463968515384828
3 1.3777276490407724e-16 2.25 1.5707963267948966
3 -0.5006721014017073 2.193587802409103 1.7951958020513104
3 -0.9762384130145056 2.0271799527804433 2.019595277307724
3 -1.4028520541821503 1.7591208355530674 2.243994752564138
3 -1.759120835553067 1.4028520541821505 2.4683942278205517
3 -2.027179952780443 0.976238413014506 2.6927937030769655
3 -2.193587802409103 0.5006721014017076 2.9171931783333793
3 -2.25 2.755455298081545e-16 3.141592653589793
3 -2.193587802409103 -0.5006721014017071 3.365992128846207
3 -2.0271799527804433 -0.9762384130145055 3.5903916041026207
3 -1.7591208355530674 -1.40285205418215 3.8147910793590345
3 -1.4028520541821508 -1.7591208355530668 4.039190554615448
3 -0.9762384130145061 -2.027179952780443 4.263590029871862
3 -0.5006721014017078 -2.193587802409103 4.487989505128276
3 -4.1331829471223167e-16 -2.25 4.71238898038469
3 0.500672101401707 -2.193587802409103 4.9367884556411035
3 0.9762384130145054 -2.0271799527804433 5.161187930897517
3 1.40285205418215 -1.7591208355530674 5.385587406153931
3 1.7591208355530668 -1.4028520541821508 5.609986881410345
3 2.027179952780443 -0.9762384130145063 5.834386356666759
3 2.1935878024091027 -0.5006721014017079 6.058785831923172
4 2.75 0.0 0.0
4 2.70317602413073 0.5053111739955685 0.18479956785822313
4 2.5642986308619786 0.9934145820146705 0.36959913571644626
4 2.338097123256439 1.4476884479127283 0.5543987035746694
4 2.0322745223568126 1.8526630200280323 0.7391982714328925
4 1.657245250042955 2.1945473750206586 0.9239978392911157
4 1.2257804783854804 2.4616990512264216 1.1087974071493387
4 0.7525732226982277 2.6450205187252522 1.293596975007562
4 0.2537379885240805 2.7382689848113446 1.478396542865785
4 -0.2537379885240802 2.738268984811345 1.663196110724008
4 -0.7525732226982279 2.6450205187252522 1.8479956785822313
4 -1.22578047838548 2.4616990512264216 2.0327952464404544
4 -1.6572452500429549 2.194547375020659 2.2175948142986774
4 -2.032274522356812 1.852663020028033 2.4023943821569005
4 -2.338097123256439 1.4476884479127283 2.587193950015124
4 -2.5642986308619786 0.9934145820146705 2.771993517873347
4 -2.70317602413073 0.5053111739955685 2.95679308573157
4 -2.75 3.3677786976552215e-16 3.141592653589793
4 -2.70317602413073 -0.5053111739955678 3.326392221448016
4 -2.564298630861978 -0.993414582014671 3.5111917893062397
4 -2.3380971232564387 -1.4476884479127285 3.6959913571644627
4 -2.0322745223568126 -1.8526630200280323 3.8807909250226857
4 -1.6572452500429553 -2.1945473750206586 4.065590492880909
4 -1.2257804783854795 -2.4616990512264216 4.250390060739132
4 -0.7525732226982286 -2.6450205187252522 4.435189628597355
4 -0.25373798852408025 -2.738268984811345 4.619989196455578
4 0.25373798852407925 -2.738268984811345 4.804788764313801
4 0.7525732226982277 -2.6450205187252522 4.9895883321720245
4 1.2257804783854809 -2.461699051226421 5.174387900030248
4 1.6572452500429544 -2.194547375020659 5.359187467888471
4 2.0322745223568126 -1.852663020028032 5.543987035746694
4 2.3380971232564383 -1.4476884479127294 5.728786603604917
4 2.5642986308619786 -0.9934145820146708 5.91358617146314
4 2.70317602413073 -0.5053111739955677 6.098385739321364
